1787429407462746339
1787429407468826030
1787429407474216432
1787429407477062713
1787429407482932738
1787429407487296475
1787429407488483134
1787429407489737834
1787429407494139391
1787429407498425527
1787429407500368713
1787429407504948335
1787429407506787748
1787429407511003911
1787429407514158533
1787429407518763453
1787429407519987499
1787429407521778384
1787429407528193987
1787429407531156322
1787429407537007212
1787429407541303752
1787429407545360586
1787429407549721158
1787429407551699271
1787429407555945014
1787429407560054032
1787429407565360554
1787429407570139651
1787429407573961024
1787429407578976477
1787429407582000747
1787429407586233549
1787429407590426772
1787429407594636248
1787429407598140261
1787429407602871106
1787429407607045468
1787429407610056638
1787429407614365473
1787429407616242594
1787429407621930562
1787429407626104942
1787429407631343272
1787429407634648866
1787429407637798458
1787429407640481717
1787429407643239032
1787429407649796492
1787429407652925628
1787429407656011345
1787429407661364514
1787429407664304289
1787429407669809005
1787429407673079890
1787429407678617862
1787429407682221436
1787429407685606613
1787429407690089496
1787429407693151378
1787429407699838710
1787429407703754795
1787429407707091922
1787429407711361530
1787429407715167021
1787429407717715434
1787429407723088423
1787429407725925301
1787429407731208050
1787429407733656485
1787429407739112493
1787429407742062815
1787429407747796778
1787429407752099175
1787429407756375207
1787429407759809892
1787429407764160944
1787429407768216031
1787429407773579109
1787429407775308951
1787429407779065027
1787429407783374277
1787429407786167626
1787429407790651278
1787429407794254081
1787429407797974310
1787429407801644891
1787429407806932488
1787429407810034309
1787429407814225179
1787429407817291206
1787429407818406154
1787429407820081359
1787429407824412543
1787429407827805857
1787429407830917234
1787429407837274326
1787429407841418159
1787429407844976500
1787429407850159856
1787429407856592347
1787429407860207617
1787429407865540607
1787429407868305000
1787429407873861082
1787429407876925260
1787429407881120887
1787429407884409273
1787429407889593232
1787429407892708226
1787429407898920167
1787429407902360448
1787429407906985628
1787429407910053013
1787429407911739994
1787429407913790307
1787429407919045374
1787429407922839039
1787429407925026430
1787429407929304660
1787429407933596574
1787429407937820465
1787429407940939547
1787429407945227965
1787429407949309854
1787429407955016274
1787429407959107196
1787429407963867151
1787429407968158547
1787429407970090012
1787429407976959715
1787429407977599361
1787429407977859180
1787429407978425066
1787429407978731458
1787429407979247133
1787429407980526197
1787429407982217732
1787429407985941634
1787429407988172451
1787429407992409488
1787429407995730540
1787429407996505682
1787429407996916284
1787429407997531823
1787429407997998776
1787429407998345190
1787429407998815809
1787429407999419915
1787429408000183321
1787429408000655035
1787429408001042532
1787429408001389007
1787429408001858908
1787429408002196480
1787429408002482513
1787429408002768389
1787429408003085388
1787429408003371670
1787429408003678912
1787429408003973958
1787429408004394774
1787429408004791011
1787429408005326703
1787429408005884824
1787429408006915972
1787429408007450314
1787429408007914485
1787429408008530348
1787429408008916000
1787429408009532130
1787429408009772305
1787429408010215584
1787429408010559090
1787429408010975160
1787429408011474891
1787429408011974833
1787429408012529877
1787429408012876726
1787429408013323090
1787429408013746786
1787429408014366243
1787429408015480657
1787429408020153729
1787429408024426818
1787429408029729961
1787429408033983524
1787429408037256644
1787429408041220783
1787429408046847161
1787429408051032943
1787429408053928701
1787429408055924890
1787429408061351147
1787429408064762731
1787429408070085595
1787429408073047700
1787429408079948369
1787429408083122369
1787429408088061725
1787429408092648929
1787429408096264466
1787429408101173386
1787429408104424957
1787429408107934757
1787429408111644354
1787429408115473344
1787429408119947852
1787429408122673709
1787429408126234179
1787429408130997560
1787429408134271830
1787429408137177699
1787429408144061549
1787429408147044751
1787429408152408304
1787429408157018442
1787429408160064472
1787429408165718938
1787429408168653562
1787429408171450133
1787429408174275201
1787429408177433203
1787429408180853889
1787429408186183070
1787429408188261176
1787429408190654595
1787429408195909547
1787429408199006716
1787429408203239410
1787429408206852173
1787429408209435955
1787429408214701886
1787429408216615310
1787429408219419966
1787429408222720876
1787429408227144628
1787429408231296468
1787429408234405468
1787429408237481314
1787429408241792465
1787429408245091220
1787429408249255706
1787429408250422258
1787429408252357698
1787429408258120303
1787429408259932321
1787429408266402488
1787429408270065207
1787429408274311681
1787429408277319076
1787429408280413478
1787429408284067700
1787429408290596689
1787429408294204583
1787429408298348336
1787429408303080924
1787429408309820469
1787429408311870997
1787429408317121332
1787429408321309330
1787429408325468934
1787429408329037463
1787429408334773804
1787429408339118659
1787429408342308353
1787429408346089894
1787429408350363650
1787429408355143613
1787429408359363159
1787429408363056478
1787429408368708850
1787429408373370066
1787429408378124586
1787429408382737521
1787429408386083129
1787429408391982461
1787429408393290632
1787429408398058772
1787429408400077396
1787429408401990387
1787429408407366259
1787429408411155079
1787429408414437228
1787429408416284848
1787429408419679005
1787429408423056579
1787429408427598392
1787429408430807730
1787429408435237868
1787429408439795311
1787429408442294975
1787429408444915873
1787429408450207425
1787429408454428830
1787429408458102066
1787429408461354188
1787429408463677387
1787429408468069454
1787429408471060707
1787429408475310996
1787429408479573403
1787429408484191663
1787429408488354915
1787429408493106546
1787429408497371214
1787429408501706081
1787429408503913612
1787429408508108207
1787429408510349799
1787429408514728226
1787429408518046912
1787429408522303556
1787429408526049697
1787429408529726173
1787429408534074577
1787429408537057051
1787429408538229784
1787429408538759915
1787429408539148899
1787429408540221952
1787429408543931842
1787429408548673251
1787429408552292315
1787429408555403983
1787429408560706080
1787429408565165703
1787429408570089271
1787429408574951234
1787429408579926293
1787429408583032128
1787429408588623983
1787429408592016058
1787429408595236374
1787429408595830936
1787429408596024962
1787429408596250491
1787429408596314431
1787429408596596467
1787429408596768514
1787429408596884174
1787429408597023218
1787429408597359978
1787429408597700775
1787429408598023481
1787429408598248846
1787429408598472355
1787429408598696120
1787429408598967663
1787429408599307044
1787429408599714685
1787429408599980304
1787429408600773472
1787429408602032067
1787429408606788093
1787429408610491816
1787429408614229834
1787429408616155169
1787429408618348298
1787429408623975400
1787429408626942804
1787429408632306895
1787429408636643508
1787429408639915200
1787429408644138628
1787429408647355827
1787429408650784925
1787429408653905663
1787429408655430777
1787429408656429212
1787429408656880015
1787429408657226241
1787429408657547691
1787429408657870006
1787429408658164111
1787429408658426467
1787429408658688047
1787429408658917617
1787429408659238373
1787429408659386453
1787429408659523992
1787429408659865790
1787429408660458966
1787429408661507293
1787429408662477220
1787429408663155361
1787429408663475422
1787429408663856711
1787429408664259294
1787429408664491982
1787429408664724461
1787429408665100778
1787429408665333410
1787429408665565938
1787429408665799208
1787429408666147866
1787429408666436831
1787429408666669782
1787429408666902197
1787429408667081856
1787429408667259880
1787429408667380832
1787429408667618547
1787429408667795990
1787429408667914674
1787429408668263656
1787429408668495629
1787429408668673393
1787429408668905969
1787429408669149010
1787429408669269023
1787429408669389061
1787429408669509320
1787429408669746590
1787429408669977153
1787429408670377695
1787429408670784836
1787429408671302704
1787429408671913709
1787429408672259470
1787429408672491611
1787429408672780104
1787429408673093654
1787429408673444582
1787429408673677399
1787429408673910387
1787429408674204307
1787429408674270114
1787429408674335039
1787429408674658236
1787429408675213884
1787429408675580033
1787429408675925354
1787429408676184341
1787429408676376219
1787429408676603911
1787429408676831845
1787429408677144555
1787429408677433413
1787429408677783639
1787429408678027024
1787429408678264197
1787429408678664607
1787429408678973640
1787429408679257589
1787429408679484467
1787429408679786670
1787429408680930765
1787429408684235215
1787429408688769703
1787429408693054036
1787429408698413288
1787429408702032542
1787429408706378209
1787429408708045572
1787429408713082541
1787429408716120389
1787429408721740173
1787429408726068428
1787429408729057547
1787429408734770423
1787429408735857334
1787429408736223273
1787429408736675725
1787429408736756917
1787429408736917439
1787429408737299453
1787429408737618294
1787429408737761356
1787429408737901301
1787429408738050164
1787429408738134758
1787429408738332781
1787429408738472423
1787429408738619285
1787429408738760620
1787429408738917658
1787429408739237206
1787429408739556521
1787429408739988442
1787429408740666066
1787429408741169442
1787429408741433703
1787429408741815641
1787429408742239861
1787429408742623560
1787429408742980910
1787429408743182780
1787429408743264729
1787429408743461491
1787429408743599413
1787429408743752566
1787429408744096584
1787429408744187165
1787429408744326447
1787429408744407864
1787429408744604752
1787429408744742286
1787429408744917372
1787429408745113530
1787429408745195246
1787429408745392351
1787429408745530169
1787429408745670074
1787429408745811575
1787429408745982744
1787429408746301958
1787429408746499123
1787429408746697874
1787429408746835970
1787429408747237322
1787429408747565306
1787429408748202148
1787429408748904789
1787429408749438290
1787429408749649663
1787429408749915979
1787429408750183941
1787429408750447750
1787429408750771302
1787429408751044001
1787429408751491370
1787429408751879953
1787429408752172008
1787429408752316417
1787429408752512702
1787429408752711433
1787429408752950087
1787429408753441176
1787429408753919853
1787429408754240952
1787429408754564081
1787429408754883797
1787429408754972081
1787429408755161219
1787429408755574225
1787429408755762961
1787429408755916029
1787429408756222576
1787429408756414207
1787429408756600322
1787429408756786827
1787429408756974561
1787429408757362675
1787429408757884871
1787429408758275464
1787429408758583907
1787429408758891942
1787429408759155550
1787429408759353075
1787429408759664388
1787429408760029301
1787429408760338485
1787429408760648416
1787429408760903761
1787429408761107687
1787429408761416433
1787429408761617941
1787429408761982177
1787429408762237334
1787429408762488243
1787429408762793003
1787429408763437849
1787429408764379143
1787429408765098743
1787429408765449994
1787429408765792181
1787429408766025995
1787429408766252106
1787429408766589043
1787429408766843010
1787429408767382323
1787429408768030167
1787429408768596599
1787429408769054178
1787429408769504981
1787429408769872688
1787429408770152317
1787429408770401112
1787429408770647717
1787429408770892756
1787429408771150954
1787429408771394808
1787429408771696803
1787429408771915610
1787429408772217092
1787429408772518322
1787429408772709941
1787429408773190292
1787429408773529175
1787429408773812345
1787429408774028126
1787429408774367082
1787429408774650581
1787429408774769424
1787429408775030083
1787429408775371691
1787429408775599112
1787429408775882757
1787429408776137213
1787429408776421451
1787429408776705346
1787429408776970012
1787429408777091395
1787429408777375992
1787429408777548534
1787429408777784113
1787429408778025211
1787429408778261134
1787429408778600373
1787429408778922059
1787429408779292675
1787429408779528680
1787429408779867185
1787429408780136650
1787429408780419745
1787429408780703486
1787429408781030186
1787429408781203043
1787429408781430200
1787429408781657760
1787429408781884934
1787429408782081607
1787429408782254438
1787429408782594411
1787429408782822426
1787429408783144684
1787429408783487467
1787429408783716756
1787429408784084092
1787429408784454369
1787429408784798496
1787429408785416081
1787429408786678098
1787429408788171493
1787429408790406106
1787429408794565140
1787429408796651602
1787429408801902115
1787429408806098041
1787429408809142488
1787429408813351841
1787429408816888557
1787429408821066645
1787429408823005410
1787429408828276220
1787429408832405635
1787429408834226079
1787429408836204802
1787429408837100698
1787429408838068154
1787429408838364980
1787429408838709010
1787429408839024271
1787429408839247841
1787429408839589685
1787429408839914102
1787429408840193969
1787429408840803596
1787429408841137458
1787429408841361661
1787429408841760390
1787429408842024979
1787429408842249105
1787429408842474775
1787429408842755774
1787429408843023449
1787429408843247549
1787429408843472467
1787429408843869386
1787429408844209260
1787429408844772739
1787429408845151804
1787429408845376933
1787429408845802590
1787429408846526296
1787429408846982130
1787429408847377513
1787429408847656570
1787429408847973619
1787429408848198076
1787429408848421561
1787429408848701234
1787429408848969690
1787429408849140718
1787429408849311115
1787429408849481619
1787429408849704747
1787429408850033457
1787429408850319553
1787429408850609362
1787429408850981993
1787429408851209083
1787429408851441540
1787429408851727353
1787429408851969818
1787429408852088622
1787429408852372165
1787429408852490054
1787429408852772716
1787429408852889440
1787429408853192403
1787429408853535906
1787429408853888635
1787429408854140025
1787429408854424336
1787429408854708464
1787429408855025773
1787429408855252483
1787429408855479597
1787429408855687267
1787429408856106708
1787429408856668275
1787429408856975138
1787429408857202815
1787429408857430977
1787429408857775328
1787429408858024126
1787429408858372244
1787429408859085553
1787429408859367345
1787429408859683010
1787429408860478420
1787429408861386457
1787429408862478249
1787429408863732844
1787429408868392850
1787429408871679537
1787429408876017347
1787429408881614145
1787429408885214712
1787429408887987429
1787429408891301627
1787429408895463565
1787429408897728400
1787429408900241108
1787429408905412205
1787429408907404603
1787429408912849826
1787429408913591222
1787429408914030058
1787429408914313584
1787429408914543697
1787429408914660882
1787429408914777493
1787429408915024310
1787429408915197796
1787429408915483020
1787429408915657163
1787429408916043707
1787429408916394589
1787429408916766693
1787429408917024984
1787429408917309132
1787429408917594811
1787429408917914907
1787429408918198575
1787429408918484511
1787429408918810306
1787429408918971517
1787429408919311481
1787429408919598411
1787429408919974631
1787429408920202189
1787429408920437328
1787429408920740007
1787429408921168719
1787429408921511147
1787429408921855759
1787429408922197793
1787429408922484076
1787429408922917352
1787429408923379702
1787429408923665089
1787429408924030934
1787429408924374933
1787429408924915674
1787429408925598427
1787429408925770917
1787429408926084351
1787429408926367783
1787429408926670101
1787429408926896915
1787429408927136615
1787429408927420261
1787429408927703317
1787429408928029966
1787429408928313229
1787429408928487932
1787429408928770658
1787429408929083956
1787429408929367150
1787429408929651188
1787429408929973849
1787429408930200894
1787429408930484234
1787429408930657697
1787429408930973969
1787429408931149900
1787429408931445753
1787429408931784868
1787429408932027154
1787429408932262047
1787429408932602115
1787429408932829238
1787429408933143532
1787429408933427682
1787429408933655503
1787429408933973460
1787429408934372601
1787429408934712645
1787429408935030113
1787429408935429829
1787429408935714268
1787429408935969807
1787429408936318187
1787429408936564628
1787429408936910146
1787429408937312948
1787429408937597457
1787429408937881317
1787429408938277598
1787429408938628444
1787429408938803633
1787429408939088367
1787429408939318154
1787429408939602256
1787429408939885711
1787429408940083547
1787429408940366397
1787429408940649988
1787429408940889974
1787429408941193264
1787429408941476986
1787429408941772707
1787429408941968400
1787429408942322501
1787429408942552445
1787429408942836696
1787429408943083683
1787429408943422156
1787429408943648703
1787429408943875011
1787429408944081632
1787429408944313085
1787429408944430468
1787429408944656811
1787429408944827953
1787429408945082902
1787429408945255357
1787429408945538012
1787429408945820161
1787429408946027158
1787429408946260483
1787429408946561543
1787429408946982091
1787429408947265014
1787429408947491752
1787429408947773806
1787429408948025448
1787429408948260331
1787429408948544250
1787429408948827208
1787429408949027583
1787429408949310628
1787429408949428834
1787429408949711109
1787429408949774551
1787429408950024314
1787429408950306740
1787429408950533750
1787429408950816454
1787429408951084297
1787429408951367045
1787429408951594494
1787429408951767363
1787429408951971656
1787429408952667008
1787429408953662719
1787429408954791659
1787429408955339573
1787429408955566897
1787429408955852885
1787429408956140751
1787429408956423618
1787429408956621231
1787429408956850690
1787429408957078253
1787429408957360862
1787429408957642415
1787429408957871154
1787429408958138400
1787429408958424137
1787429408958738723
1787429408959391528
1787429408960045134
1787429408960921145
1787429408962867906
1787429408969228813
1787429408972523520
1787429408976862847
1787429408979745254
1787429408984071304
1787429408987062781
1787429408992543801
1787429408994726170
1787429408998985227
1787429408999972672
1787429409000440939
1787429409000783844
1787429409001267959
1787429409001613548
1787429409001840629
1787429409002143244
1787429409002425815
1787429409002652258
1787429409002974020
1787429409003362572
1787429409003844919
1787429409004082985
1787429409004255401
1787429409004372845
1787429409004544464
1787429409004606915
1787429409004722956
1787429409004895540
1787429409005023962
1787429409005318019
1787429409005601810
1787429409006692994
1787429409010121330
1787429409013296248
1787429409016202419
1787429409020431805
1787429409022639591
1787429409026780520
1787429409029962531
1787429409034306579
1787429409037082949
1787429409041287277
1787429409043541279
1787429409047700208
1787429409050003357
1787429409054226114
1787429409057152759
1787429409062494418
1787429409065701822
1787429409068894600
1787429409071108357
1787429409075060562
1787429409078263933
1787429409082471159
1787429409085452576
1787429409088225128
1787429409092410210
1787429409095977013
1787429409100374389
1787429409104527888
1787429409108125896
1787429409113370508
1787429409118043636
1787429409122221393
1787429409125464713
1787429409129670436
1787429409132890391
1787429409137171774
1787429409141171698
1787429409145294674
1787429409148906363
1787429409152463626
1787429409155490441
1787429409159521829
1787429409160916010
1787429409164226443
1787429409167298845
1787429409168300267
1787429409169364727
1787429409170281748
1787429409171081378
1787429409171483359
1787429409171714076
1787429409171971029
1787429409172441557
1787429409172856131
1787429409173250697
1787429409173557876
1787429409173824607
1787429409174039896
1787429409174360245
1787429409174497798
1787429409174841283
1787429409175095292
1787429409175325272
1787429409175611240
1787429409175729041
1787429409176030661
1787429409176314681
1787429409176659619
1787429409176974074
1787429409177205767
1787429409177433748
1787429409177660568
1787429409177833359
1787429409178143320
1787429409178426699
1787429409178708832
1787429409178972077
1787429409179088126
1787429409179314226
1787429409179597728
1787429409179823931
1787429409180083556
1787429409180379843
1787429409180722663
1787429409181030204
1787429409181202488
1787429409181428562
1787429409181655475
1787429409181881530
1787429409182197572
1787429409182545773
1787429409182984342
1787429409183328300
1787429409184017111
1787429409184481843
1787429409184821791
1787429409185085778
1787429409185372111
1787429409185715481
1787429409185970260
1787429409186196720
1787429409186436618
1787429409186724883
1787429409187035942
1787429409187382306
1787429409187666202
1787429409187974391
1787429409188257067
1787429409188493064
1787429409188723716
1787429409188897066
1787429409189253191
1787429409189626549
1787429409189914814
1787429409190251637
1787429409190603978
1787429409190884807
1787429409191079923
1787429409191358673
1787429409191582360
1787429409191806358
1787429409192028416
1787429409192471993
1787429409192812948
1787429409193098907
1787429409193600867
1787429409193974937
1787429409194202547
1787429409194587757
1787429409194979580
1787429409195319733
1787429409195668128
1787429409195916548
1787429409196199335
1787429409196595966
1787429409196974708
1787429409197764219
1787429409198421692
1787429409198700811
1787429409198814701
1787429409199029604
1787429409199425312
1787429409199765301
1787429409200023791
1787429409200247425
1787429409200599836
1787429409200973886
1787429409201253716
1787429409202350107
1787429409205920609
1787429409212279064
1787429409216357647
1787429409219978357
1787429409223700213
1787429409229139233
1787429409230794039
1787429409236064921
1787429409241966602
1787429409245825068
1787429409249965801
1787429409252476343
1787429409256114137
1787429409259233097
1787429409260892445
1787429409263358659
1787429409266685045
1787429409269684428
1787429409272609160
1787429409277129872
1787429409280100932
1787429409282995608
1787429409289620438
1787429409293083247
1787429409298530811
1787429409301717222
1787429409307033436
1787429409311457464
1787429409312295125
1787429409312690635
1787429409312913482
1787429409313137465
1787429409313197431
1787429409313318427
1787429409313597385
1787429409313710227
1787429409313880151
1787429409314023857
1787429409314358387
1787429409314637042
1787429409314866906
1787429409315190680
1787429409315469044
1787429409315747951
1787429409316208427
1787429409316676758
1787429409316796401
1787429409317022419
1787429409317357537
1787429409317581731
1787429409317805094
1787429409318080742
1787429409318360125
1787429409318583355
1787429409318862399
1787429409319135333
1787429409319414863
1787429409319753602
1787429409320081499
1787429409320422018
1787429409320704566
1787429409320831467
1787429409321037825
1787429409321405965
1787429409321703432
1787429409321969519
1787429409322248316
1787429409322471699
1787429409322750972
1787429409323023916
1787429409323247392
1787429409323603751
1787429409323888621
1787429409324082195
1787429409324361441
1787429409324584544
1787429409324863912
1787429409325250332
1787429409325631918
1787429409325974797
1787429409326197980
1787429409326478144
1787429409326701475
1787429409326913352
1787429409327460695
1787429409327739329
1787429409327969964
1787429409328138830
1787429409328308051
1787429409328586619
1787429409328809310
1787429409329140615
1787429409329363303
1787429409329585756
1787429409329808435
1787429409330140849
1787429409330419805
1787429409330757965
1787429409331080292
1787429409331303070
1787429409331525564
1787429409331748211
1787429409332096686
1787429409332349620
1787429409332494779
1787429409332741150
1787429409333083291
1787429409333260229
1787429409333492660
1787429409333715788
1787429409333969188
1787429409334191905
1787429409334414395
1787429409334637897
1787429409334861557
1787429409335135404
1787429409335474403
1787429409335809195
1787429409336080733
1787429409336303699
1787429409336642319
1787429409336913405
1787429409337192628
1787429409337471088
1787429409337865656
1787429409338319768
1787429409338653963
1787429409338969159
1787429409339192165
1787429409339414587
1787429409339637274
1787429409339860073
1787429409340249452
1787429409340528039
1787429409340644040
1787429409340913306
1787429409341193520
1787429409341532333
1787429409341870387
1787429409342250293
1787429409342528795
1787429409342807592
1787429409343024812
1787429409343303352
1787429409343527983
1787429409344099862
1787429409344380006
1787429409344854962
1787429409345136018
1787429409345415427
1787429409345638633
1787429409345913545
1787429409346136542
1787429409346415737
1787429409346702410
1787429409347029217
1787429409347198267
1787429409347421319
1787429409347700082
1787429409347918006
1787429409348198456
1787429409348421935
1787429409348644529
1787429409348867586
1787429409349078713
1787429409349140440
1787429409349312849
1787429409349591773
1787429409349822879
1787429409350140388
1787429409350363231
1787429409350586324
1787429409350864793
1787429409351250231
1787429409351529019
1787429409351807745
1787429409352024605
1787429409352303739
1787429409352526543
1787429409352749143
1787429409353023519
1787429409353303649
1787429409353590144
1787429409353812695
1787429409354080543
1787429409354359092
1787429409354638029
1787429409354860625
1787429409355134511
1787429409355357444
1787429409355580487
1787429409355803207
1787429409356080433
1787429409356303048
1787429409356525713
1787429409356749013
1787429409357023079
1787429409357246229
1787429409357469169
1787429409357750955
1787429409358098984
1787429409358496722
1787429409358844751
1787429409359034164
1787429409359316631
1787429409359488321
1787429409359605227
1787429409359777645
1787429409359894350
1787429409359967969
1787429409360194682
1787429409360369167
1787429409360541375
1787429409360714690
1787429409360831295
1787429409360969336
1787429409361141255
1787429409361374689
1787429409361497225
1787429409361725761
1787429409361972254
1787429409362144820
1787429409362317436
1787429409362433743
1787429409362550217
1787429409362722999
1787429409362895452
1787429409362967988
1787429409363194504
1787429409363374517
1787429409363717152
1787429409364030227
1787429409364375334
1787429409364717853
1787429409365030169
1787429409365312980
1787429409365539140
1787429409365711974
1787429409365884626
1787429409365967961
1787429409366141816
1787429409366258022
1787429409366374501
1787429409366606988
1787429409366724447
1787429409366840951
1787429409367029711
1787429409367369394
1787429409367850105
1787429409368087507
1787429409368488125
1787429409368839032
1787429409369086420
1787429409369425451
1787429409369707591
1787429409369969528
1787429409370088936
1787429409370262598
1787429409370379199
1787429409370551803
1787429409370668917
1787429409370786978
1787429409370849722
1787429409370913511
1787429409371262252
1787429409371604896
1787429409371973410
1787429409372311877
1787429409372594789
1787429409372973510
1787429409373255854
1787429409373506696
1787429409373825217
1787429409374083041
1787429409374365837
1787429409374708618
1787429409375023637
1787429409375250296
1787429409375477396
1787429409375703865
1787429409375969725
1787429409376144552
1787429409376317563
1787429409376434410
1787429409376609793
1787429409376973335
1787429409377255641
1787429409377598712
1787429409377974987
1787429409378148474
1787429409378264917
1787429409378437316
1787429409378554648
1787429409378728945
1787429409378844922
1787429409379029849
1787429409379315332
1787429409379661613
1787429409379974041
1787429409380200305
1787429409380427305
1787429409380710646
1787429409380969510
1787429409381196207
1787429409381478364
1787429409381704874
1787429409381969995
1787429409382145725
1787429409382317728
1787429409382434883
1787429409382717505
1787429409382969612
1787429409383195734
1787429409383431092
1787429409383773978
1787429409384023944
1787429409384196343
1787429409384422568
1787429409384595151
1787429409384821842
1787429409385143158
1787429409385315730
1787429409385542260
1787429409385824626
1787429409386085765
1787429409386484428
1787429409386827285
1787429409387153347
1787429409387521425
1787429409387916011
1787429409388257839
1787429409388600336
1787429409388882942
1787429409389137553
1787429409389310242
1787429409389536511
1787429409389762873
1787429409390024203
1787429409390197191
1787429409390423796
1787429409390650103
1787429409390876933
1787429409391361087
1787429409392114361
1787429409392397280
1787429409392623731
1787429409392850513
1787429409393084276
1787429409393368419
1787429409393609073
1787429409393781250
1787429409394082927
1787429409394309129
1787429409394537179
1787429409394763469
1787429409395023942
1787429409395306011
1787429409395648723
1787429409396098066
1787429409396380121
1787429409396561173
1787429409396787493
1787429409397024463
1787429409397143623
1787429409397369687
1787429409397662834
1787429409398029476
1787429409398204252
1787429409398542411
1787429409398769058
1787429409399026371
1787429409399309185
1787429409399651590
1787429409400029774
1787429409400312105
1787429409400654338
1787429409400974102
1787429409401200141
1787429409401372495
1787429409401598705
1787429409401831766
1787429409401967736
1787429409402194003
1787429409402476306
1787429409402702769
1787429409403024016
1787429409403366470
1787429409403707575
1787429409403969972
1787429409404143784
1787429409404371944
1787429409404654242
1787429409404882696
1787429409405136769
1787429409405419360
1787429409405761503
1787429409406082813
1787429409406309223
1787429409406535376
1787429409406707811
1787429409406915367
1787429409407253924
1787429409407538647
1787429409407881002
1787429409408122132
1787429409408416986
1787429409408699918
1787429409408913391
1787429409409140083
1787429409409422277
1787429409409764248
1787429409410110186
1787429409410392952
1787429409410991997
1787429409411333520
1787429409411506460
1787429409411734956
1787429409412031241
1787429409412373875
1787429409412600257
1787429409412717575
1787429409412779989
1787429409412842434
1787429409412970331
1787429409413258855
1787429409413493816
1787429409413720509
1787429409413892981
1787429409414141960
1787429409414315046
1787429409414487826
1787429409414772173
1787429409415025717
1787429409415309067
1787429409415651288
1787429409415970289
1787429409416197207
1787429409416369859
1787429409416815355
1787429409417137500
1787429409417360679
1787429409417639379
1787429409417913237
1787429409418083003
1787429409418306045
1787429409418529104
1787429409418752043
1787429409419083268
1787429409419361923
1787429409419756071
1787429409420024924
1787429409420193629
1787429409420471938
1787429409420694916
1787429409420969203
1787429409421304095
1787429409421538170
1787429409421763918
1787429409422024428
1787429409422303344
1787429409422526280
1787429409422749860
1787429409422968533
1787429409423083919
1787429409423306785
1787429409423600066
1787429409423879779
1787429409424250843
1787429409424529206
1787429409424644485
1787429409424760453
1787429409424913226
1787429409425085914
1787429409425309071
1787429409425532299
1787429409425756171
1787429409425968306
1787429409426191754
1787429409426414822
1787429409426583720
1787429409426807786
1787429409427082295
1787429409427376236
1787429409427850678
1787429409428140779
1787429409428423956
1787429409428791039
1787429409429132130
1787429409429368054
1787429409429591098
1787429409429813954
1787429409430081854
1787429409430251217
1787429409430473842
1787429409430696372
1787429409430969803
1787429409431193405
1787429409431362594
1787429409431724102
1787429409431968802
1787429409432139185
1787429409432420396
1787429409432643691
1787429409432866555
1787429409433135154
1787429409433414136
1787429409433647649
1787429409434041935
1787429409434381518
1787429409434496435
1787429409434835021
1787429409435081621
1787429409435360879
1787429409435639814
1787429409435974435
1787429409436253589
1787429409436533642
1787429409436756324
1787429409436973633
1787429409437203688
1787429409437547538
1787429409437886734
1787429409438083359
1787429409438422579
1787429409438762790
1787429409439025931
1787429409439304772
1787429409439643698
1787429409439995153
1787429409440356750
1787429409440643051
1787429409441225214
1787429409442096954
1787429409442710259
1787429409443103457
1787429409443799350
1787429409444601616
1787429409445127465
1787429409445471355
1787429409445814819
1787429409446083936
1787429409446258524
1787429409446431644
1787429409446604535
1787429409446721387
1787429409446982021
1787429409447322110
1787429409447549233
1787429409447832133
1787429409447969956
1787429409448199168
1787429409448318916
1787429409448611307
1787429409448847580
1787429409449021357
1787429409449305014
1787429409449588689
1787429409449763722
1787429409449913885
1787429409450197591
1787429409450481997
1787429409450881690
1787429409451139204
1787429409451423468
1787429409451650796
1787429409451974067
1787429409452257701
1787429409452541991
1787429409452825040
1787429409453084400
1787429409453640306
1787429409453867281
1787429409454081449
1787429409454315846
1787429409454433952
1787429409454606077
1787429409454777906
1787429409454895405
1787429409455023811
1787429409455372122
1787429409455670063
1787429409455917198
1787429409456230406
1787429409456515271
1787429409456805301
1787429409457211572
1787429409457775277
1787429409458083843
1787429409458311621
1787429409458485439
1787429409458800760
1787429409459084110
1787429409459366578
1787429409459593571
1787429409459876218
1787429409460138407
1787429409460420905
1787429409460647294
1787429409460913635
1787429409461196396
1787429409461479080
1787429409461762056
1787429409462023708
1787429409462306463
1787429409462589053
1787429409462871985
1787429409463136513
1787429409463419190
1787429409463706659
1787429409463970224
1787429409464145041
1787429409464318541
1787429409464550439
1787429409464722906
1787429409464838841
1787429409465030380
1787429409465316132
1787429409465598989
1787429409465982267
1787429409466209318
1787429409466491511
1787429409466723530
1787429409466974558
1787429409467158859
1787429409467338615
1787429409467461588
1787429409467637824
1787429409467754558
1787429409467913607
1787429409468196412
1787429409468607018
1787429409468973684
1787429409469256427
1787429409469428799
1787429409469655304
1787429409469881579
1787429409470138131
1787429409470420812
1787429409470593668
1787429409470875962
1787429409471193056
1787429409471475294
1787429409471757516
1787429409472295792
1787429409472470083
1787429409472642265
1787429409472814710
1787429409472913623
1787429409473142540
1787429409473315889
1787429409473431924
1787429409473604639
1787429409473840795
1787429409474139438
1787429409474376027
1787429409474608471
1787429409474782046
1787429409474975029
1787429409475257342
1787429409475540197
1787429409475766426
1787429409476023766
1787429409476196378
1787429409476479099
1787429409476706845
1787429409476879958
1787429409477136402
1787429409477364570
1787429409477654947
1787429409477976986
1787429409478161804
1787429409478354118
1787429409478493093
1787429409478672796
1787429409478851333
1787429409479086924
1787429409479378152
1787429409479669738
1787429409479971603
1787429409480322867
1787429409480506964
1787429409480797785
1787429409480914251
1787429409481204745
1787429409481446523
1787429409481569823
1787429409481877830
1787429409481971422
1787429409482321665
1787429409482500480
1787429409482791233
1787429409483027991
1787429409483270437
1787429409483448098
1787429409483569143
1787429409483696799
1787429409484103256
1787429409484393096
1787429409484683042
1787429409485026095
1787429409485316171
1787429409485736361
1787429409485970165
1787429409486320578
1787429409486499133
1787429409486789315
1787429409487031193
1787429409487382075
1787429409487671933
1787429409487914453
1787429409488206162
1787429409488385041
1787429409488688799
1787429409488970918
1787429409489221923
1787429409489656223
1787429409490155093
1787429409490425358
1787429409490666204
1787429409490843922
1787429409490965116
1787429409491206878
1787429409491385556
1787429409491505597
1787429409491682790
1787429409491859449
1787429409492027326
1787429409492260069
1787429409492439117
1787429409492676781
1787429409492853670
1787429409493025515
1787429409493371034
1787429409493659624
1787429409493896389
1787429409494198636
1787429409494487684
1787429409494777009
1787429409495085773
1787429409495374573
1787429409495663072
1787429409495895210
1787429409496197781
1787429409496487048
1787429409496779467
1787429409497302157
1787429409497535221
1787429409497823846
1787429409498086977
1787429409498375690
1787429409498554001
1787429409498786183
1787429409499022961
1787429409499312826
1787429409499504519
1787429409499798657
1787429409500088300
1787429409500379422
1787429409500560114
1787429409500737633
1787429409501028507
1787429409501208171
1787429409501385040
1787429409501450724
1787429409501627714
1787429409501747837
1787429409501815108
1787429409502034652
1787429409502382846
1787429409502734011
1787429409503081890
1787429409503371287
1787429409503662372
1787429409503974901
1787429409504207728
1787429409504385574
1787429409504736117
1787429409504969009
1787429409505258365
1787429409505436269
1787429409505668544
1787429409505846813
1787429409506146950
1787429409506436008
1787429409506725205
1787429409507184986
1787429409507305053
1787429409507543440
1787429409507781666
1787429409508033961
1787429409508383050
1787429409508561054
1787429409508793113
1787429409509027494
1787429409509267307
1787429409509445066
1787429409509565478
1787429409509742584
1787429409509914097
1787429409510259312
1787429409510565560
1787429409510871137
1787429409511267229
1787429409511611700
1787429409511899967
1787429409512257196
1787429409512545204
1787429409512889544
1787429409513140898
1787429409513428898
1787429409513825782
1787429409514087999
1787429409514432286
1787429409514664161
1787429409514914148
1787429409515203162
1787429409515380196
1787429409515611428
1787429409515842786
1787429409516090571
1787429409516857957
1787429409517746596
1787429409518276299
1787429409518620997
1787429409518863253
1787429409519040364
1787429409519345308
1787429409519648923
1787429409519889968
1787429409520026415
1787429409520203661
1787429409520383711
1787429409520506449
1787429409520685417
1787429409520864575
1787429409521026044
1787429409521146428
1787429409521386064
1787429409521627155
1787429409521749896
1787429409522029371
1787429409522152851
1787429409522332036
1787429409522511847
1787429409522580282
1787429409522758347
1787429409522975207
1787429409523152640
1787429409523221098
1787429409523460497
1787429409523721619
1787429409524092142
1787429409524384655
1787429409524738007
1787429409525026352
1787429409525318321
1787429409525554476
1787429409525846031
1787429409526088206
1787429409526379770
1787429409526560502
1787429409526852025
1787429409527143757
1787429409527441950
1787429409527752600
1787429409527971007
1787429409528152297
1787429409528330457
1787429409528509667
1787429409528689152
1787429409528867920
1787429409529026809
1787429409529455613
1787429409529635990
1787429409529976073
1787429409530154335
1787429409530276963
1787429409530399437
1787429409530638711
1787429409530818971
1787429409530971976
1787429409531209458
1787429409531389208
1787429409531511751
1787429409531690824
1787429409531870599
1787429409532028831
1787429409532377741
1787429409532800121
1787429409533421586
1787429409533933781
1787429409534863684
1787429409535751764
1787429409536821015
1787429409537902389
1787429409538839646
1787429409539874537
1787429409540748332
1787429409541219274
1787429409541698384
1787429409541820171
1787429409541971706
1787429409542149626
1787429409542272548
1787429409542695894
1787429409543104614
1787429409543397144
1787429409543750874
1787429409543986634
1787429409544280049
1787429409544463417
1787429409544586486
1787429409544765489
1787429409544975468
1787429409545543946
1787429409545837048
1787429409546088616
1787429409546381185
1787429409546561994
1787429409546854887
1787429409547143703
1787429409547436925
1787429409547730905
1787429409548155921
1787429409548567140
1787429409548859791
1787429409549144271
1787429409549438412
1787429409549732800
1787429409550031186
1787429409550281354
1787429409550417797
1787429409550733935
1787429409551094546
1787429409551343811
1787429409551594465
1787429409551916653
1787429409552343601
1787429409552842591
1787429409553344301
1787429409553842118
1787429409554064299
1787429409554370718
1787429409554677591
1787429409554974138
1787429409555163775
1787429409555294995
1787429409555484573
1787429409555673433
1787429409555805043
1787429409555923619
1787429409556231086
1787429409556360186
1787429409556549745
1787429409556739263
1787429409556814813
1787429409556975427
1787429409557224602
1787429409557417859
1787429409557550473
1787429409557739799
1787429409558254400
1787429409558576139
1787429409558902532
1787429409559114180
1787429409559364107
1787429409559672069
1787429409560248201
1787429409561036031
1787429409561804911
1787429409562157693
1787429409562293911
1787429409562425531
1787429409562556869
1787429409562688025
1787429409562763028
1787429409562837521
1787429409562916919
1787429409563225646
1787429409563481591
1787429409563793872
1787429409563975636
1787429409564120768
1787429409564373010
1787429409564571622
1787429409564829829
1787429409565106906
1787429409565345071
1787429409565627732
1787429409565743703
1787429409565914219
1787429409566314142
1787429409566596991
1787429409566973939
1787429409567200942
1787429409567374262
1787429409567601820
1787429409567829141
1787429409568144228
1787429409568427655
1787429409568660896
1787429409569281340
1787429409569755238
1787429409570148851
1787429409570324645
1787429409570558026
1787429409570731235
1787429409570964734
1787429409571138377
1787429409571310659
1787429409571594021
1787429409571913374
1787429409572086520
1787429409572259614
1787429409572432106
1787429409572548523
1787429409572721710
1787429409572838153
1787429409572969540
1787429409573308839
1787429409573806000
1787429409574274667
1787429409574558388
1787429409574842544
1787429409575083481
1787429409575200263
1787429409575372784
1787429409575503117
1787429409575866031
1787429409576252926
1787429409576535421
1787429409576874314
1787429409577137721
1787429409577420325
1787429409577646636
1787429409577915745
1787429409578198905
1787429409578371489
1787429409578598147
1787429409578770701
1787429409578968156
1787429409579314826
1787429409579598675
1787429409579724464
1787429409580034404
1787429409580227063
1787429409580565635
1787429409580791843
1787429409581020172
1787429409581246357
1787429409581472604
1787429409581755184
1787429409582023828
1787429409582307018
1787429409582533500
1787429409582816780
1787429409583083908
1787429409583316291
1787429409583551392
1787429409583783694
1787429409583900182
1787429409583967638
1787429409584316454
1787429409584488972
1787429409584718911
1787429409584969549
1787429409585368287
1787429409585651471
1787429409585822694
1787429409585970079
1787429409586370906
1787429409586714474
1787429409586972188
1787429409587090300
1787429409587263769
1787429409587380703
1787429409587553479
1787429409587670866
1787429409587844426
1787429409587970118
1787429409588252961
1787429409588424917
1787429409588657941
1787429409588830801
1787429409589035401
1787429409589266328
1787429409589383958
1787429409589556021
1787429409589672602
1787429409589846847
1787429409590019607
1787429409590301532
1787429409590527805
1787429409590870153
1787429409591220108
1787429409591594070
1787429409591769068
1787429409592083782
1787429409592366098
1787429409592704739
1787429409592973296
1787429409593210299
1787429409593438029
1787429409593722135
1787429409593970399
1787429409594155267
1787429409594437897
1787429409594614240
1787429409594843034
1787429409594907685
1787429409595083262
1787429409595316331
1787429409595548798
1787429409595782505
1787429409595974754
1787429409596147141
1787429409596429437
1787429409596711878
1787429409596969642
1787429409597206555
1787429409597445449
1787429409597728373
1787429409597969727
1787429409598088822
1787429409598261668
1787429409598379126
1787429409598495858
1787429409598613079
1787429409598981642
1787429409599447881
1787429409599790564
1787429409600026842
1787429409600427325
1787429409600917209
1787429409601447136
1787429409601785715
1787429409602027090
1787429409602146389
1787429409602318486
1787429409602434786
1787429409602607122
1787429409602722840
1787429409602839150
1787429409602970155
1787429409603309434
1787429409603592115
1787429409603875288
1787429409604153010
1787429409604439711
1787429409604678912
1787429409604973522
1787429409605316781
1787429409605599083
1787429409605973703
1787429409606312747
1787429409606655009
1787429409606913244
1787429409607195457
1787429409607478637
1787429409607705060
1787429409607887315
1787429409608193954
1787429409608476646
1787429409608702677
1787429409608969480
1787429409609088093
1787429409609260446
1787429409609377285
1787429409609548551
1787429409609664667
1787429409609780586
1787429409609915012
1787429409610197428
1787429409610370332
1787429409610597572
1787429409610770098
1787429409611023843
1787429409611306624
1787429409611533518
1787429409611815539
1787429409612084136
1787429409612200606
1787429409612373022
1787429409612545906
1787429409612661479
1787429409612893037
1787429409613023602
1787429409613361806
1787429409613588378
1787429409613870932
1787429409614136768
1787429409614278473
1787429409614630411
1787429409614913688
1787429409615256105
1787429409615599638
1787429409615973634
1787429409616440223
1787429409616967741
1787429409617312206
1787429409617505150
1787429409617732104
1787429409617906571
1787429409618023829
1787429409618141577
1787429409618314263
1787429409618429993
1787429409618603179
1787429409618719364
1787429409618891212
1787429409619024174
1787429409619362979
1787429409619590539
1787429409619872847
1787429409620368623
1787429409620711158
1787429409620913376
1787429409621311251
1787429409621653404
1787429409622041503
1787429409622325102
1787429409622667157
1787429409622916297
1787429409623200795
1787429409623488994
1787429409623772182
1787429409624026036
1787429409624090999
1787429409624173566
1787429409624517104
1787429409624913528
1787429409625251544
1787429409625533896
1787429409625876447
1787429409625967443
1787429409626309482
1787429409626591366
1787429409626913532
1787429409627312065
1787429409627756248
1787429409628023865
1787429409628196230
1787429409628478802
1787429409628650982
1787429409628913606
1787429409629196739
1787429409629479226
1787429409629705597
1787429409629969324
1787429409630088864
1787429409630260471
1787429409630377043
1787429409630492711
1787429409630608886
1787429409630724729
1787429409630896674
1787429409631137109
1787429409631479171
1787429409631821134
1787429409632083979
1787429409632310627
1787429409632536615
1787429409632762951
1787429409633026108
1787429409633371550
1787429409633713261
1787429409634029577
1787429409634218909
1787429409634502441
1787429409634970270
1787429409635437788
1787429409635776758
1787429409636024006
1787429409636196508
1787429409636370419
1787429409636598838
1787429409636689578
1787429409636970029
1787429409637196848
1787429409637424939
1787429409637651109
1787429409637877853
1787429409638137025
1787429409638419430
1787429409638762011
1787429409639082999
1787429409639309724
1787429409639740092
1787429409640083813
1787429409640426699
1787429409640769483
1787429409641023899
1787429409641196590
1787429409641478931
1787429409641651486
1787429409641917048
1787429409642199931
1787429409642482615
1787429409642709217
1787429409642969392
1787429409643307811
1787429409643650168
1787429409643913227
1787429409644341579
1787429409644624831
1787429409644907878
1787429409645137012
1787429409645420737
1787429409645759497
1787429409646023917
1787429409646196478
1787429409646370212
1787429409646652880
1787429409646913270
1787429409647312588
1787429409647651126
1787429409647974101
1787429409648146337
1787429409648485784
1787429409648768451
1787429409649024397
1787429409649144087
1787429409649426793
1787429409649542836
1787429409649769561
1787429409650026014
1787429409650260339
1787429409650542619
1787429409650825156
1787429409651082735
1787429409651481222
1787429409651824158
1787429409652030962
1787429409652371219
1787429409652751719
1787429409653027620
1787429409653372334
1787429409653685959
1787429409654307591
1787429409654721299
1787429409654984976
1787429409655448630
1787429409655564508
1787429409655847660
1787429409655967388
1787429409656277842
1787429409656524582
1787429409656807693
1787429409657082744
1787429409657254783
1787429409657654378
1787429409657913285
1787429409658321747
1787429409658604573
1787429409658973916
1787429409659312245
1787429409659654877
1787429409659913309
1787429409660312115
1787429409660654869
1787429409660849849
1787429409661139352
1787429409661366736
1787429409661649869
1787429409661876633
1787429409662136965
1787429409662371185
1787429409662770165
1787429409663030449
1787429409663295251
1787429409663514514
1787429409663741761
1787429409664023619
1787429409664195974
1787429409664427983
1787429409664655053
1787429409664881803
1787429409665136757
1787429409665419298
1787429409665645805
1787429409665913418
1787429409666311939
1787429409666594218
1787429409666973314
1787429409667202615
1787429409667429280
1787429409667656086
1787429409667883745
1787429409668086131
1787429409668370574
1787429409668652932
1787429409668879804
1787429409669137874
1787429409669372682
1787429409669770785
1787429409670114168
1787429409670348334
1787429409670465446
1787429409670748191
1787429409670863698
1787429409671140507
1787429409671374062
1787429409671712523
1787429409672029955
1787429409672202912
1787429409672265477
1787429409672676335
1787429409672902960
1787429409673192886
1787429409673475602
1787429409673770510
1787429409674021219
1787429409674194030
1787429409674372819
1787429409674715716
1787429409674974040
1787429409675331497
1787429409675674266
1787429409676031110
1787429409676373676
1787429409676766790
1787429409677027159
1787429409677261065
1787429409677660405
1787429409677969623
1787429409678196008
1787429409678495705
1787429409678722911
1787429409679030699
1787429409679461138
1787429409679802026
1787429409680212681
1787429409680589600
1787429409680813349
1787429409681025039
1787429409681303957
1787429409681642424
1787429409681913398
1787429409682205557
1787429409682429090
1787429409682652967
1787429409682913456
1787429409683195588
1787429409683475775
1787429409683815768
1787429409684080807
1787429409684252685
1787429409684372678
1787429409684656003
1787429409684771050
1787429409684913623
1787429409685307656
1787429409685476336
1787429409685815929
1787429409686088738
1787429409686267961
1787429409686557499
1787429409686891768
1787429409687190156
1787429409687468533
1787429409687806759
1787429409688080547
1787429409688195773
1787429409688365593
1787429409688479916
1787429409688649014
1787429409688762403
1787429409688913254
1787429409689142686
1787429409689372763
1787429409689605365
1787429409689981050
1787429409690259450
1787429409690598517
1787429409690877150
1787429409691078826
1787429409691357179
1787429409691580314
1787429409691858698
1787429409692134551
1787429409692421950
1787429409692760845
1787429409693140332
1787429409693366122
1787429409693645122
1787429409694029266
1787429409694252772
1787429409694481031
1787429409694718375
1787429409695036074
1787429409695323153
1787429409695546241
1787429409695825547
1787429409696196354
1787429409696475281
1787429409696869991
1787429409697320040
1787429409697655215
1787429409697913606
1787429409698310298
1787429409698696304
1787429409698974049
1787429409699309632
1787429409699648656
1787429409699969477
1787429409700192454
1787429409700415782
1787429409700638975
1787429409700862096
1787429409701195175
1787429409701474173
1787429409701752940
1787429409702024021
1787429409702247673
1787429409702470671
1787429409702693070
1787429409702970413
1787429409703201118
1787429409703434665
1787429409703668343
1787429409703895466
1787429409704136196
1787429409704305320
1787429409704533264
1787429409704755607
1787429409704967076
1787429409705135718
1787429409705358413
1787429409705526897
1787429409705749517
1787429409705967257
1787429409706301463
1787429409706579959
1787429409706913343
1787429409707498220
1787429409708242031
1787429409708521883
1787429409708635397
1787429409708865225
1787429409709144980
1787429409709424964
1787429409709703999
1787429409710236086
1787429409710758055
1787429409711024458
1787429409711084716
1787429409711146455
1787429409711208241
1787429409711380289
1787429409711604841
1787429409711827544
1787429409712085718
1787429409712290935
1787429409712570230
1787429409712852216
1787429409713086361
1787429409713647627
1787429409713879182
1787429409714134410
1787429409714412896
1787429409714702586
1787429409714970762
1787429409715193270
1787429409715415805
1787429409715754684
1787429409716025659
1787429409716195300
1787429409716418579
1787429409716641669
1787429409716866791
1787429409717135756
1787429409717414989
1787429409717638502
1787429409717914863
1787429409718312754
1787429409718707834
1787429409719142976
1787429409719607146
1787429409719830186
1787429409720025039
1787429409720304314
1787429409720527586
1787429409720935239
1787429409721236981
1787429409721515730
1787429409721684388
1787429409721907416
1787429409722088493
1787429409722428198
1787429409722706948
1787429409722970244
1787429409723193173
1787429409723416296
1787429409723701220
1787429409724217117
1787429409724569995
1787429409724909771
1787429409725146385
1787429409725212424
1787429409725329273
1787429409725446199
1787429409725672898
1787429409725900012
1787429409726141594
1787429409726424609
1787429409726770124
1787429409727292534
1787429409727666243
1787429409728492528
1787429409729253895
1787429409730408771
1787429409734159759
1787429409735823553
1787429409737934472
1787429409739708689
1787429409746117823
1787429409749366725
1787429409755659136
1787429409759748555
1787429409764045739
1787429409767172053
1787429409770844554
1787429409774408595
1787429409778533847
1787429409781816511
1787429409786162139
1787429409789111092
1787429409794744895
1787429409797250085
1787429409800917982
1787429409804298692
1787429409805360121
1787429409805643402
1787429409805869763
1787429409806147063
1787429409806493670
1787429409806776920
1787429409807024620
1787429409807251110
1787429409807533496
1787429409807771618
1787429409808027093
1787429409808147663
1787429409808321915
1787429409808496215
1787429409808785526
1787429409809171707
1787429409809626969
1787429409809965435
1787429409810244134
1787429409810467045
1787429409810745645
1787429409811024361
1787429409811303370
1787429409811583117
1787429409811861532
1787429409812023508
1787429409812137123
1787429409812306048
1787429409812474628
1787429409812697197
1787429409812866329
1787429409813078993
1787429409813247717
1787429409813470567
1787429409813639429
1787429409813861951
1787429409814078095
1787429409814356276
1787429409814634884
1787429409814913503
1787429409815191921
1787429409815479660
1787429409815814202
1787429409816175599
1787429409816365677
1787429409816596955
1787429409816774295
1787429409817029179
1787429409817208541
1787429409817497313
1787429409817728714
1787429409817976735
1787429409818211192
1787429409818499079
1787429409818675755
1787429409818976330
1787429409819208865
1787429409819496340
1787429409819783893
1787429409820086549
1787429409820434897
1787429409820806405
1787429409821229041
1787429409821580686
1787429409821915873
1787429409822262677
1787429409822496802
1787429409822676372
1787429409822970256
1787429409823205206
1787429409823555211
1787429409823795598
1787429409824221337
1787429409824520685
1787429409824870988
1787429409825144263
1787429409825435233
1787429409825668772
1787429409825975546
1787429409826152991
1787429409826350281
1787429409826582217
1787429409826869566
1787429409827258083
1787429409827606069
1787429409827725847
1787429409827901830
1787429409828080285
1787429409828145751
1787429409828321116
1787429409828440223
1787429409828559072
1787429409828678689
1787429409828797011
1787429409828973126
1787429409829204076
1787429409829271407
1787429409829405107
1787429409829541148
1787429409829679328
1787429409829807621
1787429409829969704
1787429409830308807
1787429409830592496
1787429409830913855
1787429409831358201
1787429409831596443
1787429409831826560
1787429409832060154
1787429409832291864
1787429409832519010
1787429409832801494
1787429409832914515
1787429409833142141
1787429409833257739
1787429409833431194
1787429409833548691
1787429409833720713
1787429409834065888
1787429409834296959
1787429409834469895
1787429409834587020
1787429409834702782
1787429409834874859
1787429409835024991
1787429409835306690
1787429409835532695
1787429409835758968
1787429409836023640
1787429409836312671
1787429409836595728
1787429409836822525
1787429409837343440
1787429409838095552
1787429409840024217
1787429409844288610
1787429409847391070
1787429409851537319
1787429409854826048
1787429409859107913
1787429409863039043
1787429409866165861
1787429409868353035
1787429409870838209
1787429409876130629
1787429409880490164
1787429409883725317
1787429409885909756
1787429409890167064
1787429409894139355
1787429409899687002
1787429409902869617
1787429409907122288
1787429409910418640
1787429409914612884
1787429409915983179
1787429409916448787
1787429409916671884
1787429409916970003
1787429409917246602
1787429409917641630
1787429409917913629
1787429409918308401
1787429409918588045
1787429409918973422
1787429409919312150
1787429409919707053
1787429409919916436
1787429409920195570
1787429409920607804
1787429409921125811
1787429409921520283
1787429409921859183
1787429409922079593
1787429409922359316
1787429409922637931
1787429409922913257
1787429409923136972
1787429409923482882
1787429409923787132
1787429409924039218
1787429409924327483
1787429409924605756
1787429409924884578
1787429409925134933
1787429409925415059
1787429409925637972
1787429409926097185
1787429409926432069
1787429409926710566
1787429409926913333
1787429409927192554
1787429409927532317
1787429409927812615
1787429409928080218
1787429409928358737
1787429409928472935
1787429409928696934
1787429409929023453
1787429409929431164
1787429409929654453
1787429409929973050
1787429409930311862
1787429409930591375
1787429409930913436
1787429409931192042
1787429409931415135
1787429409931638692
1787429409931913430
1787429409932192671
1787429409932418376
1787429409932697084
1787429409932913397
1787429409933193208
1787429409933474347
1787429409933643254
1787429409933814214
1787429409934025021
1787429409934303767
1787429409934583602
1787429409934874543
1787429409935026888
1787429409935315181
1787429409935594047
1787429409935872461
1787429409936135747
1787429409936417929
1787429409936913267
1787429409937249036
1787429409937527906
1787429409937867003
1787429409938136063
1787429409938305289
1787429409938535805
1787429409938875547
1787429409939078956
1787429409939358206
1787429409939692544
1787429409939969872
1787429409940248815
1787429409940590121
1787429409940812826
1787429409941024543
1787429409941247829
1787429409941527532
1787429409941866408
1787429409942135199
1787429409942358691
1787429409942693811
1787429409943024779
1787429409943247988
1787429409943471498
1787429409943809772
1787429409944080698
1787429409944359687
1787429409944582735
1787429409944913426
1787429409945436210
1787429409945913447
1787429409946377645
1787429409946601092
1787429409946981817
1787429409947363318
1787429409947533823
1787429409947812639
1787429409948026083
1787429409948248936
1787429409948530619
1787429409948709250
1787429409948971569
1787429409949204567
1787429409949428098
1787429409949651241
1787429409949820314
1787429409950024255
1787429409950247395
1787429409950526081
1787429409950863117
1787429409951190257
1787429409951468849
1787429409951691713
1787429409951913537
1787429409952084253
1787429409952306980
1787429409952529574
1787429409952645141
1787429409952913330
1787429409953308362
1787429409953642710
1787429409953973864
